10 0.13761
11 0.12144
12 0.10849
13 0.09790
14 0.08910
15 0.08167
16 0.07533
17 0.06985
18 0.06508
19 0.06089
20 0.05719
21 0.05388
22 0.05092
23 0.04826
24 0.04584
25 0.04365
26 0.04164
27 0.03981
28 0.03812
29 0.03656
30 0.03512
31 0.03379
32 0.03255
33 0.03139
34 0.03031
35 0.02929
36 0.02834
37 0.02745
38 0.02661
39 0.02582
40 0.02507
41 0.02436
42 0.02369
43 0.02305
44 0.02245
45 0.02187
46 0.02132
47 0.02080
48 0.02030
49 0.01983
50 0.01937
51 0.01894
52 0.01852
53 0.01812
54 0.01774
55 0.01737
56 0.01702
57 0.01668
58 0.01635
59 0.01604
60 0.01573
61 0.01544
62 0.01516
63 0.01488
64 0.01462
65 0.01437
66 0.01412
67 0.01388
68 0.01365
69 0.01343
70 0.01321
71 0.01300
72 0.01280
73 0.01260
74 0.01241
75 0.01222
76 0.01204
77 0.01187
78 0.01170
79 0.01153
80 0.01137
81 0.01121
82 0.01106
83 0.01091
84 0.01076
85 0.01062
86 0.01048
87 0.01035
88 0.01022
89 0.01009
90 0.00996
